1729064739334
1729064739637
1729064739956
1729064740268
1729064740577
1729064740889
1729064741201
1729064741495
1729064741791
1729064742093
1729064742390
1729064742689
1729064743000
1729064743307
1729064743618
1729064743932
1729064744215
1729064744483
1729064744753
1729064745038
1729064745355
1729064745672
1729064745990
1729064746296
1729064746598
1729064746907
1729064747193
1729064747504
1729064747770
1729064748065
1729064748369
1729064748655
1729064748921
1729064749185
1729064749452
1729064749719
1729064749985
1729064750251
1729064750516
1729064750783
1729064751048
1729064751312
1729064751577
1729064751844
1729064752109
1729064752375
1729064752658
1729064752929
1729064753194
1729064753457
1729064753722
1729064753989
1729064754253
1729064754516
1729064754781
1729064755045
1729064755310
1729064755575
1729064755840
1729064756103
1729064756367
1729064756630
1729064756896
1729064757160
1729064757425
1729064757690
1729064757957
1729064758222
1729064758486
1729064758750
1729064759013
1729064759284
1729064759549
1729064759812
1729064760076
1729064760340
1729064760606
1729064760869
1729064761133
1729064761398
1729064761661
1729064761926
1729064762190
1729064762456
1729064762719
1729064762982
1729064763246
1729064763510
1729064763773
1729064764037
1729064764301
1729064764564
1729064764830
1729064765095
1729064765359
1729064765622
1729064765889
1729064766152
1729064766415
1729064766679
1729064766942
1729064767207
1729064767470
1729064767733
1729064767997
1729064768262
1729064768525
1729064768787
1729064769052
1729064769318
1729064769580
1729064769844
1729064770108
1729064770370
1729064770633
1729064770900
1729064771163
1729064771425
1729064771688
1729064771951
1729064772215
1729064772478
1729064772743
1729064773007
1729064773271
1729064773534
1729064773800
1729064774066
1729064774331
1729064774596
1729064774861
1729064775125
1729064775412
1729064775675
1729064775938
1729064776201
1729064776465
1729064776729
1729064776993
1729064777255
1729064777518
1729064777782
1729064778046
1729064778309
1729064778574
1729064778837
1729064779102
1729064779366
1729064779630
1729064779897
1729064780159
1729064780421
1729064780684
1729064780947
1729064781211
1729064781475
1729064781737
1729064782000
1729064782266
1729064782529
1729064782793
1729064783055
1729064783322
1729064783586
1729064783851
1729064784114
1729064784377
1729064784641
1729064784906
1729064785170
1729064785434
1729064785698
1729064785962
1729064786226
1729064786490
1729064786753
1729064787016
1729064787279
1729064787542
1729064787806
1729064788069
1729064788334
1729064788597
1729064788863
1729064789128
1729064789392
1729064789657
1729064789923
1729064790188
1729064790451
1729064790714
1729064790978
1729064791242
1729064791506
1729064791768
1729064792033
1729064792296
1729064792559
1729064792824
1729064793088
1729064793353
1729064793620
1729064793886
1729064794150
1729064794414
1729064794678
1729064794943
1729064795207
1729064795470
1729064795735
1729064796000
1729064796264
1729064796529
1729064796794
1729064797058
1729064797324
1729064797588
1729064797854
1729064798119
1729064798383
1729064798645
1729064798909
1729064799173
1729064799438
1729064799702
1729064799967
1729064800231
1729064800496
1729064800760
1729064801045
1729064801305
1729064801568
1729064801831
1729064802094
1729064802358
1729064802622
1729064802885
1729064803147
1729064803410
1729064803674
1729064803938
1729064804201
1729064804464
1729064804728
1729064804998
1729064805262
1729064805525
1729064805787
1729064806050
1729064806314
1729064806577
1729064806842
1729064807105
1729064807367
1729064807631
1729064807898
1729064808160
1729064808425
1729064808688
1729064808950
1729064809212
1729064809476
1729064809738
1729064810001
1729064810264
1729064810526
1729064810788
1729064811051
1729064811312
1729064811573
1729064811834
1729064812097
1729064812359
1729064812622
1729064812887
1729064813149
1729064813410
1729064813671
1729064813934
1729064814195
1729064814458
1729064814721
1729064814984
1729064815246
1729064815509
1729064815770
1729064816032
1729064816296
1729064816558
1729064816821
1729064817083
1729064817345
1729064817607
1729064817869
1729064818132
1729064818394
1729064818655
1729064818924
1729064819185
1729064819447
1729064819716
1729064819982
1729064820242
1729064820505
1729064820767
1729064821030
1729064821292
1729064821554
1729064821818
1729064822079
1729064822341
1729064822604
1729064822867
1729064823131
1729064823394
1729064823656
1729064823917
1729064824179
1729064824442
1729064824705
1729064824969
1729064825231
1729064825517
1729064825780
1729064826042
1729064826306
1729064826567
1729064826830
1729064827093
1729064827357
1729064827620
1729064827882
1729064828144
1729064828407
1729064828670
1729064828935
1729064829198
1729064829462
1729064829726
1729064829991
1729064830253
1729064830517
1729064830780
1729064831043
1729064831307
1729064831568
1729064831830
1729064832094
1729064832355
1729064832618
1729064832881
1729064833144
1729064833406
1729064833668
1729064833931
1729064834192
1729064834455
1729064834717
1729064834981
1729064835242
1729064835505
1729064835768
1729064836032
1729064836295
1729064836557
1729064836820
1729064837082
1729064837344
1729064837607
1729064837869
1729064838131
1729064838394
1729064838656
1729064838919
1729064839182
1729064839446
1729064839707
1729064839970
1729064840235
1729064840497
1729064840759
1729064841023
1729064841286
1729064841550
1729064841813
1729064842075
1729064842338
1729064842602
1729064842868
1729064843131
1729064843393
1729064843658
1729064843922
1729064844183
1729064844444
1729064844707
1729064844968
1729064845229
1729064845492
1729064845754
1729064846017
1729064846281
1729064846543
1729064846805
1729064847068
1729064847330
1729064847592
1729064847853
1729064848116
1729064848378
1729064848642
1729064848907
1729064849169
1729064849431
1729064849693
1729064849958
1729064850220
1729064850482
1729064850744
1729064851005
1729064851267
1729064851529
1729064851791
1729064852053
1729064852316
1729064852578
1729064852839
1729064853101
1729064853364
1729064853627
1729064853888
1729064854150
1729064854411
1729064854674
1729064854940
1729064855203
1729064855464
1729064855727
1729064855990
1729064856254
1729064856515
1729064856779
1729064857042
1729064857305
1729064857568
1729064857833
1729064858094
1729064858356
1729064858618
1729064858881
1729064859143
1729064859406
1729064859668
1729064859932
1729064860195
1729064860459
1729064860721
1729064860983
1729064861244
1729064861507
1729064861768
1729064862031
1729064862292
1729064862555
1729064862817
1729064863078
1729064863340
1729064863603
1729064863867
1729064864139
1729064864400
1729064864662
1729064864925
1729064865186
1729064865447
1729064865710
1729064865972
1729064866234
1729064866496
1729064866758
1729064867020
1729064867282
1729064867549
1729064867812
1729064868074
1729064868337
1729064868599
1729064868861
1729064869123
1729064869385
1729064869646
1729064869915
1729064870175
1729064870436
1729064870698
1729064870962
1729064871223
1729064871485
1729064871746
1729064872006
1729064872270
1729064872542
1729064872805
1729064873068
1729064873330
1729064873592
1729064873854
1729064874117
1729064874379
1729064874641
1729064874906
1729064875170
1729064875454
1729064875717
1729064875979
1729064876241
1729064876504
1729064876766
1729064877027
1729064877290
1729064877553
1729064877815
1729064878077
1729064878340
1729064878603
1729064878867
1729064879129
1729064879392
1729064879653
1729064879919
1729064880182
1729064880444
1729064880706
1729064880969
1729064881230
1729064881492
1729064881755
1729064882019
1729064882281
1729064882544
1729064882809
1729064883071
1729064883332
1729064883595
1729064883858
1729064884120
1729064884383
1729064884646
1729064884913
1729064885175
1729064885438
1729064885703
1729064885966
1729064886228
1729064886490
1729064886752
1729064887014
1729064887277
1729064887538
1729064887800
1729064888062
1729064888324
1729064888587
1729064888848
1729064889112
1729064889374
1729064889636
1729064889899
1729064890160
1729064890422
1729064890684
1729064890956
1729064891219
1729064891480
1729064891741
1729064892003
1729064892264
1729064892527
1729064892789
1729064893052
1729064893313
1729064893575
1729064893837
1729064894099
1729064894361
1729064894623
1729064894884
1729064895146
1729064895408
1729064895669
1729064895931
1729064896193
1729064896455
1729064896718
1729064896983
1729064897244
1729064897506
1729064897767
1729064898030
1729064898292
1729064898555
1729064898827
1729064899090
1729064899354
1729064899616
1729064899878
1729064900140
1729064900402
1729064900663
1729064900925
1729064901186
1729064901448
1729064901710
1729064901971
1729064902234
1729064902496
1729064902759
1729064903021
1729064903285
1729064903547
1729064903808
1729064904069
1729064904331
1729064904592
1729064904853
1729064905116
1729064905378
1729064905640
1729064905903
1729064906165
1729064906427
1729064906690
1729064906950
1729064907212
1729064907474
1729064907735
1729064907998
1729064908261
1729064908524
1729064908789
1729064909052
1729064909315
1729064909577
1729064909839
1729064910102
1729064910365
1729064910628
1729064910891
1729064911154
1729064911417
1729064911679
1729064911942
1729064912203
1729064912466
1729064912729
1729064912992
1729064913256
1729064913516
1729064913778
1729064914041
1729064914304
1729064914566
1729064914828
1729064915090
1729064915354
1729064915616
1729064915878
1729064916140
1729064916403
1729064916666
1729064916930
1729064917192
1729064917455
1729064917717
1729064917980
1729064918241
1729064918503
1729064918765
1729064919026
1729064919289
1729064919550
1729064919811
1729064920071
1729064920333
1729064920596
1729064920857
1729064921118
1729064921382
1729064921642
1729064921904
1729064922167
1729064922428
1729064922690
1729064922953
1729064923215
1729064923476
1729064923760
1729064924022
1729064924284
1729064924546
1729064924807
1729064925073
1729064925334
1729064925595
1729064925855
1729064926116
1729064926378
1729064926639
1729064926905
1729064927166
1729064927429
1729064927691
1729064927953
1729064928216
1729064928479
1729064928740
1729064929001
1729064929287
1729064929548
1729064929811
1729064930073
1729064930333
1729064930595
1729064930857
1729064931120
1729064931382
1729064931643
1729064931905
1729064932167
1729064932429
1729064932692
1729064932958
1729064933220
1729064933482
1729064933744
1729064934008
1729064934271
1729064934532
1729064934795
1729064935056
1729064935319
1729064935581
1729064935842
1729064936104
1729064936367
1729064936629
1729064936893
1729064937155
1729064937416
1729064937680
1729064937942
1729064938202
1729064938465
1729064938727
1729064938991
1729064939252
1729064939515
1729064939776
1729064940044
1729064940308
1729064940569
1729064940832
1729064941094
1729064941356
1729064941618
1729064941879
1729064942140
1729064942403
1729064942664
1729064942925
1729064943188
1729064943450
1729064943712
1729064943975
1729064944235
1729064944498
1729064944761
1729064945026
1729064945289
1729064945552
1729064945815
1729064946077
1729064946339
1729064946602
1729064946865
1729064947129
1729064947392
1729064947654
1729064947917
1729064948179
1729064948441
1729064948703
1729064948965
1729064949228
1729064949489
1729064949751
1729064950015
1729064950287
1729064950559
1729064950826
1729064951099
1729064951387
1729064951650
1729064951911
1729064952174
1729064952435
1729064952696
1729064952958
1729064953219
1729064953481
1729064953743
1729064954005
1729064954265
1729064954527
1729064954789
1729064955052
1729064955340
1729064955639
1729064955933
1729064956235
1729064956518
1729064956812
1729064957104
1729064957403
1729064957693
1729064957975
1729064958285
1729064958587
1729064958902
1729064959210
1729064959529
1729064959845
1729064960164
1729064960488
1729064960802
1729064961104
1729064961400
1729064961709
1729064962015
1729064962329
1729064962648
1729064962972
1729064963295
1729064963614
1729064963924
1729064964245
1729064964538
1729064964832
1729064965118
1729064965404
1729064965688
1729064965964
1729064966226
1729064966488
1729064966749
1729064967044
1729064967315
1729064967598
1729064967878
1729064968177
1729064968467
1729064968772
1729064969068
1729064969357
1729064969620
1729064969893
1729064970181
1729064970472
1729064970766
1729064971063
1729064971367
1729064971649
1729064971926
1729064972208
1729064972500
1729064972799
1729064973080
1729064973401
1729064973693
1729064973977
1729064974252
1729064974542
1729064974829
1729064975120
1729064975406
1729064975687
1729064975961
1729064976224
1729064976486
1729064976800
1729064977070
1729064977335
1729064977599
1729064977862
1729064978126
1729064978389
1729064978651
1729064978914
1729064979177
1729064979440
1729064979743
1729064980065
1729064980362
1729064980653
1729064980946
1729064981236
1729064981522
1729064981813
1729064982099
1729064982387
1729064982678
1729064982961
1729064983223
1729064983483
1729064983772
1729064984072
1729064984350
1729064984641
1729064984931
1729064985218
1729064985503
1729064985802
1729064986092
1729064986373
1729064986665
1729064986953
1729064987234
1729064987518
1729064987808
1729064988089
1729064988384
1729064988673
1729064988962
1729064989243
1729064989535
1729064989813
1729064990111
1729064990416
1729064990728
1729064991019
1729064991315
1729064991626
1729064991930
1729064992243
1729064992549
1729064992854
1729064993159
1729064993450
1729064993761
1729064994064
1729064994381
1729064994691
1729064994988
1729064995301
1729064995610
1729064995921
1729064996214
1729064996512
1729064996792
1729064997101
1729064997401
1729064997714
1729064998012
1729064998310
1729064998603
1729064998902
1729064999179
1729064999472
1729064999763
1729065000064
1729065000360
1729065000657
1729065000955
1729065001251
1729065001538
1729065001825
1729065002130
1729065002414
1729065002722
1729065003015
1729065003316
1729065003612
1729065003894
1729065004155
1729065004431
1729065004696
1729065004971
1729065005265
1729065005558
1729065005847
1729065006133
1729065006442
1729065006755
1729065007076
1729065007391
1729065007704
1729065008037
1729065008371
1729065008666
1729065008959
