9730014
9730015
9730016
9730017
9730018
9730019
9730020
9730021
9730022
9730023
9730024
9730025
9730026
9730027
9730028
9730029
9730030
9730031
9730032
9730033
9730034
9730035
9730036
9730037
9730038
9730039
9730040
9730041
9730042
9730043
9730044
9730045
9730046
9730047
9730048
9730049
9730050
9730051
9730052
9730053
9730054
9730055
9730056
9730057
9730058
9730059
9730060
9730061
9730062
9730063
9730064
9730065
9730066
9730067
9730068
9730069
9730070
9730071
9730072
9730073
9730074
9730075
9730076
9730077
9730078
9730079
9730080
9730081
9730082
9730083
9730084
9730085
9730086
9730087
9730088
9730089
9730090
9730091
9730092
9730093
9730094
9730095
9730096
9730097
9730098
9730099
9730100
9730101
9730102
9730103
9730104
9730105
9730106
9730107
9730108
9730109
9730110
9730111
9730112
9730113
9730114
9730115
9730116
9730117
9730118
9730119
9730120
9730121
9730122
9730123
9730124
9730125
9730126
9730127
9730128
9730129
9730130
9730131
9730132
9730133
9730134
9730135
9730136
9730137
9730138
9730139
9730140
9730141
9730142
9730143
9730144
9730145
9730146
9730147
9730148
9730149
9730150
9730151
9730152
9730153
9730154
9730155
9730156
9730157
9730158
9730159
9730160
9730161
9730162
9730163
9730164
9730165
9730166
9730167
9730168
9730169
9730170
9730171
9730172
9730173
9730174
9730175
9730176
9730177
9730178
9730179
9730180
9730181
9730182
9730183
9730184
9730185
9730186
9730187
9730188
9730189
9730190
9730191
9730192
9730193
9730194
9730195
9730196
9730197
9730198
9730199
9730200
9730201
9730202
9730203
9730204
9730205
9730206
9730207
9730208
9730209
9730210
9730211
9730212
9730213
9730214
9730215
9730216
9730217
9730218
9730219
9730220
9730221
9730222
9730223
9730224
9730225
9730226
9730227
9730228
9730229
9730230
9730231
9730232
9730233
9730234
9730235
9730236
9730237
9730238
9730239
9730240
9730241
9730242
9730243
9730244
9730245
9730246
9730247
9730248
9730249
9730250
9730251
9730252
9730253
9730254
9730255
9730256
9730257
9730258
9730259
9730260
9730261
9730262
9730263
9730264
9730265
9730266
9730267
9730268
9730269
9730270
9730271
9730272
9730273
9730274
9730275
9730276
9730277
9730278
9730279
9730280
9730281
9730282
9730283
9730284
9730285
9730286
9730287
9730288
9730289
9730290
9730291
9730292
9730293
9730294
9730295
9730296
9730297
9730298
9730299
9730300
9730301
9730302
9730303
9730304
9730305
9730306
9730307
9730308
9730309
9730310
9730311
9730312
9730313
9730314
9730315
9730316
9730317
9730318
9730319
9730320
9730321
9730322
9730323
9730324
9730325
9730326
9730327
9730328
9730329
9730330
9730331
9730332
9730333
9730334
9730335
9730336
9730337
9730338
9730339
9730340
9730341
9730342
9730343
9730344
9730345
9730346
9730347
9730348
9730349
9730350
9730351
9730352
9730353
9730354
9730355
9730356
9730357
9730358
9730359
9730360
9730361
9730362
9730363
9730364
9730365
9730366
9730367
9730368
9730369
9730370
9730371
9730372
9730373
9730374
9730375
9730376
9730377
9730378
9730379
9730380
9730381
9730382
9730383
9730384
9730385
9730386
9730387
9730388
9730389
9730390
9730391
9730392
9730393
9730394
9730395
9730396
9730397
9730398
9730399
9730400
9730401
9730402
9730403
9730404
9730405
9730406
9730407
9730408
9730409
9730410
9730411
9730412
9730413
9730414
9730415
9730416
9730417
9730418
9730419
9730420
9730421
9730422
9730423
9730424
9730425
9730426
9730427
9730428
9730429
9730430
9730431
9730432
9730433
9730434
9730435
9730436
9730437
9730438
9730439
9730440
9730441
9730442
9730443
9730444
9730445
9730446
9730447
9730448
9730449
9730450
9730451
9730452
9730453
9730454
9730455
9730456
9730457
9730458
9730459
9730460
9730461
9730462
9730463
9730464
9730465
9730466
9730467
9730468
9730469
9730470
9730471
9730472
9730473
9730474
9730475
9730476
9730477
9730478
9730479
9730480
9730481
9730482
9730483
9730484
9730485
9730486
9730487
9730488
9730489
9730490
9730491
9730492
9730493
9730494
9730495
9730496
9730497
9730498
9730499
9730500
9730501
9730502
9730503
9730504
9730505
9730506
9730507
9730508
9730509
9730510
9730511
9730512
9730513
9730514
9730515
9730516
9730517
9730518
9730519
9730520
9730521
9730522
9730523
9730524
9730525
9730526
9730527
9730528
9730529
9730530
9730531
9730532
9730533
9730534
9730535
9730536
9730537
9730538
9730539
9730540
9730541
9730542
9730543
9730544
9730545
9730546
9730547
9730548
9730549
9730550
9730551
9730552
9730553
9730554
9730555
9730556
9730557
9730558
9730559
9730560
9730561
9730562
9730563
9730564
9730565
9730566
9730567
9730568
9730569
9730570
9730571
9730572
9730573
9730574
9730575
9730576
9730577
9730578
9730579
9730580
9730581
9730582
9730583
9730584
9730585
9730586
9730587
9730588
9730589
9730590
9730591
9730592
9730593
9730594
9730595
9730596
9730597
9730598
9730599
9730600
9730601
9730602
9730603
9730604
9730605
9730606
9730607
9730608
9730609
9730610
9730611
9730612
9730613
9730614
9730615
9730616
9730617
9730618
9730619
9730620
9730621
9730622
9730623
9730624
9730625
9730626
9730627
9730628
9730629
9730630
9730631
9730632
9730633
9730634
9730635
9730636
9730637
9730638
9730639
9730640
9730641
9730642
9730643
9730644
9730645
9730646
9730647
9730648
9730649
9730650
9730651
9730652
9730653
9730654
9730655
9730656
9730657
9730658
9730659
9730660
9730661
9730662
9730663
9730664
9730665
9730666
9730667
9730668
9730669
9730670
9730671
9730672
9730673
9730674
9730675
9730676
9730677
9730678
9730679
9730680
9730681
9730682
9730683
9730684
9730685
9730686
9730687
9730688
9730689
9730690
9730691
9730692
9730693
9730694
9730695
9730696
9730697
9730698
9730699
9730700
9730701
9730702
9730703
9730704
9730705
9730706
9730707
9730708
9730709
9730710
9730711
9730712
9730713
9730714
9730715
9730716
9730717
9730718
9730719
9730720
9730721
9730722
9730723
9730724
9730725
9730726
9730727
9730728
9730729
9730730
9730731
9730732
9730733
9730734
9730735
9730736
9730737
9730738
9730739
9730740
9730741
9730742
9730743
9730744
9730745
9730746
9730747
9730748
9730749
9730750
9730751
9730752
9730753
9730754
9730755
9730756
9730757
9730758
9730759
9730760
9730761
9730762
9730763
9730764
9730765
9730766
9730767
9730768
9730769
9730770
9730771
9730772
9730773
9730774
9730775
9730776
9730777
9730778
9730779
9730780
9730781
9730782
9730783
9730784
9730785
9730786
9730787
9730788
9730789
9730790
9730791
9730792
9730793
9730794
9730795
9730796
9730797
9730798
9730799
9730800
9730801
9730802
9730803
9730804
9730805
9730806
9730807
9730808
9730809
9730810
9730811
9730812
9730813
9730814
9730815
9730816
9730817
9730818
9730819
9730820
9730821
9730822
9730823
9730824
9730825
9730826
9730827
9730828
9730829
9730830
9730831
9730832
9730833
9730834
9730835
9730836
9730837
9730838
9730839
9730840
9730841
9730842
9730843
9730844
9730845
9730846
9730847
9730848
9730849
9730850
9730851
9730852
9730853
9730854
9730855
9730856
9730857
9730858
9730859
9730860
9730861
9730862
9730863
9730864
9730865
9730866
9730867
9730868
9730869
9730870
9730871
9730872
9730873
9730874
9730875
9730876
9730877
9730878
9730879
9730880
9730881
9730882
9730883
9730884
9730885
9730886
9730887
9730888
9730889
9730890
9730891
9730892
9730893
9730894
9730895
9730896
9730897
9730898
9730899
9730900
9730901
9730902
9730903
9730904
9730905
9730906
9730907
9730908
9730909
9730910
9730911
9730912
9730913
9730914
9730915
9730916
9730917
9730918
9730919
9730920
9730921
9730922
9730923
9730924
9730925
9730926
9730927
9730928
9730929
9730930
9730931
9730932
9730933
9730934
9730935
9730936
9730937
9730938
9730939
9730940
9730941
9730942
9730943
9730944
9730945
9730946
9730947
9730948
9730949
9730950
9730951
9730952
9730953
9730954
9730955
9730956
9730957
9730958
9730959
9730960
9730961
9730962
9730963
9730964
9730965
9730966
9730967
9730968
9730969
9730970
9730971
9730972
9730973
9730974
9730975
9730976
9730977
9730978
9730979
9730980
9730981
9730982
9730983
9730984
9730985
9730986
9730987
9730988
9730989
9730990
9730991
9730992
9730993
9730994
9730995
9730996
9730997
9730998
9730999
9731000
9731001
9731002
9731003
9731004
9731005
9731006
9731007
9731008
9731009
9731010
9731011
9731012
9731013
